grid_point, diff2-1, diff3-1, diff3-2
[0, 0],-19.25956809332547,4.812755827768342,24.072323921093812
[0, 1],-5.488412995094222,21.4524635743237,26.940876569417924
[0, 2],2.7348074022474975,30.407512510918423,27.672705108670925
[0, 3],12.523184070766547,48.072694383930866,35.54951031316432
[0, 4],20.18061208270683,55.18872840204949,35.00811631934266
[0, 5],29.640578835822453,59.09313022375227,29.452551387929816
[0, 6],37.14951045080852,65.27766160092233,28.12815115011381
[0, 7],40.51087768361322,69.10763996941387,28.59676228580065
[0, 8],39.4355982718389,67.3906248065905,27.955026534751596
[0, 9],39.73790896317314,61.91356131043722,22.175652347264077
[0, 10],39.57875561229048,57.48838794558196,17.909632333291484
[0, 11],39.00940301130595,60.4953607298894,21.48595771858345
[0, 12],41.944304253181144,68.29929446021833,26.35499020703719
[0, 13],46.861596675078545,81.1927376480653,34.33114097298676
[0, 14],54.69547233040794,101.42338321588704,46.727910885479105
[0, 15],62.47622859601961,117.19021444536156,54.71398584934195
[0, 16],71.175143680779,127.23202918076277,56.056885499983764
[0, 17],79.77171180015557,135.82859730013934,56.056885499983764
[0, 18],91.57338492241706,145.92514148575174,54.351756563334675
[0, 19],94.81307263477811,133.9757439187324,39.162671283954296
[0, 20],94.7441014512342,nan,nan
[0, 21],94.87809478333475,nan,nan
[1, 0],-25.631532655416777,-12.136600596420976,13.4949320589958
[1, 1],-13.66969714940933,-6.55816364302882,7.1115335063805105
[1, 2],-5.390064024501044,-2.4868776355842783,2.9031863889167653
[1, 3],4.946147305119666,9.706014723744374,4.759867418624708
[1, 4],13.14877522637471,21.898026001171274,8.749250774796565
[1, 5],21.250617688674538,35.60538582314257,14.354768134468031
[1, 6],26.8787449087622,42.356060689411606,15.477315780649405
[1, 7],30.51580744432431,51.445894093026254,20.930086648701945
[1, 8],31.57405052026388,57.28453009815439,25.71047957789051
[1, 9],29.371146429319197,49.91046420233033,20.539317773011135
[1, 10],27.98270378547204,46.26787258387776,18.28516879840572
[1, 11],27.064275186990926,48.39904885353917,21.334773666548244
[1, 12],28.127566102519268,53.975403819870735,25.847837717351467
[1, 13],33.19187430902002,64.91074207181282,31.718867762792797
[1, 14],37.219275858513356,76.00766459352326,38.7883887350099
[1, 15],45.996155035369156,90.29902622076679,44.302871185397635
[1, 16],59.11789552911068,110.93441830993925,51.816522780828564
[1, 17],66.24384127783196,119.38191838459352,53.13807710676156
[1, 18],74.52697841607278,118.16859811961785,43.641619703545075
[1, 19],85.11429837596734,121.31203227463266,36.19773389866532
[1, 20],92.94205095517191,129.96761404071822,37.02556308554631
[1, 21],94.10454151464364,133.26721279859794,39.162671283954296
[2, 0],-36.527543286937544,-38.986691463583156,-2.4591481766456127
[2, 1],-25.16168250440751,-38.23687740870446,-13.07519490429695
[2, 2],-17.71673590145383,-42.877033142553955,-25.160297241100125
[2, 3],-8.722255855003823,-26.706335014121578,-17.984079159117755
[2, 4],0.939850788037802,-10.891154848446604,-11.831005636484406
[2, 5],11.0374755127159,4.884887148027701,-6.152588364688199
[2, 6],15.182009686894162,16.715177458344442,1.5331677714502803
[2, 7],18.919241000839975,31.89515684440903,12.975915843569055
[2, 8],18.86372389378812,36.16679706558352,17.303073171795404
[2, 9],17.467713141025342,29.499270659181093,12.03155751815575
[2, 10],15.800840962121583,28.797943977901014,12.99710301577943
[2, 11],12.667833780358706,28.712128857639982,16.044295077281276
[2, 12],13.06752007068826,30.836391963511232,17.768871892822972
[2, 13],15.67311725837044,36.80816219024382,21.13504493187338
[2, 14],18.515871360292294,47.140071875376634,28.62420051508434
[2, 15],28.47582394587971,60.77061276788936,32.29478882200965
[2, 16],42.72369418514518,80.8218407108634,38.09814652571822
[2, 17],54.05255809004393,93.80042539938495,39.74786730934102
[2, 18],63.83017979620308,99.83443399529733,36.00425419909425
[2, 19],74.63854212912975,107.85170431303595,33.213162183906206
[2, 20],82.36851437140103,115.4004334765632,33.03191910516216
[2, 21],93.37900959113449,126.89381296367173,33.514803372537244
[3, 0],-46.56505638414728,-55.4354200681737,-8.870363684026415
[3, 1],-37.7775285788648,-58.71135126679383,-20.933822687929023
[3, 2],-30.267853721173196,-54.89575464561858,-24.627900924445385
[3, 3],-22.78015314924778,-45.643093696755386,-22.862940547507606
[3, 4],-13.177973176912928,-31.12041403711828,-17.942440860205352
[3, 5],-3.5211626273539878,-14.33343520560993,-10.812272578255943
[3, 6],3.4757566002936073,-3.4606855601068673,-6.936442160400475
[3, 7],5.774190591337174,2.3098414373635023,-3.4643491539736715
[3, 8],3.6031309412719565,-2.7561836166096327,-6.359314557881589
[3, 9],2.724154084896327,-2.1727372526838735,-4.8968913375802
[3, 10],-0.459871954436494,-7.486623681512356,-7.026751727075862
[3, 11],-4.905148533870488,-8.713088114838683,-3.8079395809681955
[3, 12],-2.9965826403231404,-1.8671172936792573,1.129465346643883
[3, 13],-1.32563324797502,-1.8169545247164933,-0.4913212767414734
[3, 14],1.8235402793034154,8.37426046544715,6.550720186143735
[3, 15],11.189799433022017,22.0665888448666,10.876789411844584
[3, 16],23.15104156518919,31.127087162988573,7.976045597799384
[3, 17],37.31821369759655,49.31736817318597,11.999154475589421
[3, 18],50.50344339269486,70.04394584567672,19.540502452981855
[3, 19],59.55398268503268,88.72513754444844,29.171154859415765
[3, 20],68.64030700674812,99.99030646364099,31.349999456892874
[3, 21],81.62386368090665,112.64425805776955,31.020394376862896
[4, 0],-53.58218876587398,-64.17516998746032,-10.592981221586342
[4, 1],-47.832311884018054,-68.01224125916815,-20.179929375150095
[4, 2],-42.85493016665623,-63.7240516619695,-20.869121495313266
[4, 3],-35.08423024015974,-56.10908194538297,-21.024851705223227
[4, 4],-26.845330951347933,-36.938286049916314,-10.092955098568382
[4, 5],-18.51704770231663,-19.506930751913387,-0.9898830495967559
[4, 6],-11.879623926664863,-11.109195391321009,0.7704285353438536
[4, 7],-8.095746898871766,-13.967237156456576,-5.87149025758481
[4, 8],-10.966896269211247,-31.701289692261525,-20.734393423050278
[4, 9],-13.015768100734022,-37.11529941367462,-24.0995313129406
[4, 10],-17.436209728411086,-40.71046709609345,-23.274257367682367
[4, 11],-19.521634996121975,-43.365957242438526,-23.84432224631655
[4, 12],-18.943050884109653,-39.92477721582054,-20.981726331710888
[4, 13],-17.74232265413957,-32.8659745808618,-15.123651926722232
[4, 14],-15.63760679168172,-27.03181189458701,-11.394205102905289
[4, 15],-6.071719546554959,-18.42955145963515,-12.35783191308019
[4, 16],6.329201761973309,-14.096047437283232,-20.42524919925654
[4, 17],23.123112144825427,13.40289861186011,-9.720213532965317
[4, 18],37.81946912581407,44.63009055011662,6.810621424302553
[4, 19],47.90902008488683,68.57865098418733,20.6696308993005
[4, 20],55.633315214522554,85.4114969975235,29.778181783000946
[4, 21],65.85063328777778,94.80576961982479,28.955136332047005
[5, 0],-60.428722983273474,-74.89991081825065,-14.471187834977172
[5, 1],-54.60550997649534,-70.5175844810683,-15.912074504572956
[5, 2],-47.38863491938628,-64.2956456426864,-16.907010723300118
[5, 3],-40.63256127362092,-54.686228629105244,-14.053667355484322
[5, 4],-34.28003883800557,-34.2499967252179,0.030042112787668884
[5, 5],-29.291127663031148,-21.058055088878064,8.233072574153084
[5, 6],-23.838006300215966,-14.86074101095619,8.977265289259776
[5, 7],-20.542932961515362,-20.38473112524116,0.15820183627420192
[5, 8],-23.72558711137026,-35.52857375624535,-11.80298664487509
[5, 9],-27.44247291713964,-44.27948341572028,-16.83701049858064
[5, 10],-29.209038396786127,-48.59730252344252,-19.388264126656395
[5, 11],-30.44616510115975,-53.9785171739677,-23.532352072807953
[5, 12],-32.47743625800831,-53.846170958591756,-21.368734700583445
[5, 13],-31.22183003720056,-46.63409932486138,-15.41226928766082
[5, 14],-29.74997503292525,-41.80813248949744,-12.05815745657219
[5, 15],-22.015848949313295,-37.2945349782276,-15.278686028914308
[5, 16],-7.076154882302035,-34.8819584830253,-27.805803600723266
[5, 17],9.1757539020482,-19.254048362948197,-28.429802264996397
[5, 18],24.658285494951087,15.163186173630493,-9.495099321320595
[5, 19],38.684957792233945,50.02406210814206,11.339104315908116
[5, 20],46.22852477606557,77.81098526338064,31.582460487315075
[5, 21],54.49757127765861,82.62389074400835,28.12631946634974
[6, 0],-69.88357418930082,-84.35476202427799,-14.471187834977172
[6, 1],-62.54181510519902,-77.0130029401762,-14.471187834977172
[6, 2],-52.796038822872106,-67.26722665784928,-14.471187834977172
[6, 3],-44.39829379569801,-56.00447302511475,-11.606179229416739
[6, 4],-37.74827358579569,-37.25782834010079,0.4904452456949002
[6, 5],-31.338221627760504,-21.363497395879676,9.974724231880828
[6, 6],-27.250780847742135,-17.276056615861307,9.974724231880828
[6, 7],-26.088510850559942,-21.2685470116312,4.819963838928743
[6, 8],-29.671961404088506,-34.053751350461425,-4.381789946372919
[6, 9],-33.03061583196995,-40.583032932631795,-7.552417100661842
[6, 10],-35.57814266219066,-45.59069624125095,-10.012553579060295
[6, 11],-37.39659391136411,-47.372824966288135,-9.976231054924028
[6, 12],-39.57605573158526,-48.830959761666236,-9.25490403008098
[6, 13],-41.73957658450581,-50.51309080266219,-8.773514218156379
[6, 14],-42.13347017298929,-49.66289271196456,-7.529422538975268
[6, 15],-37.31628018683932,-50.944836542499615,-13.628556355660294
[6, 16],-21.187307452910318,-48.46587543659916,-27.278567983688845
[6, 17],-4.717103154846882,-37.87837251550536,-33.16126936065848
[6, 18],10.040835117689312,1.976581471195459,-8.064253646493853
[6, 19],24.26994160474169,37.15402527572678,12.884083670985092
[6, 20],32.82549331422524,65.23729751883184,32.4118042046066
[6, 21],42.05134820708372,81.70368299905022,39.652334791966496
[7, 0],-77.24858432705787,-89.99450521489871,-12.745920887840839
[7, 1],-68.05230332352039,-82.52349115849756,-14.471187834977172
[7, 2],-55.67839968390763,-70.1495875188848,-14.471187834977172
[7, 3],-47.00030052919101,-61.47148836416818,-14.471187834977172
[7, 4],-41.05951504399491,-42.1964778265301,-1.1369627825351927
[7, 5],-32.92736991242964,-24.916793881495323,8.010576030934317
[7, 6],-28.654331110757084,-18.679606878876257,9.974724231880828
[7, 7],-25.998184958528327,-20.664486043207944,5.333698915320383
[7, 8],-26.144529131970558,-24.273953462285135,1.8705756696854223
[7, 9],-27.54737229780949,-27.51321923971318,0.03415305809630809
[7, 10],-31.162512767726184,-28.637691542046014,2.5248212256801708
[7, 11],-37.09064325779491,-31.04111882222969,6.049524435565218
[7, 12],-41.28948793223117,-38.16630686110966,3.1231810711215076
[7, 13],-43.820703750935536,-42.787457618979715,1.0332461319558206
[7, 14],-46.16536516431552,-46.78584806836352,-0.6204829040480035
[7, 15],-43.72162569566444,-50.731308129826175,-7.009682434161732
[7, 16],-32.86119265608613,-52.8315808143434,-19.970388158257265
[7, 17],-17.16273584307146,-37.60869915729745,-20.445963314225992
[7, 18],-1.088556425108436,0.004720408025605138,1.0932768331340412
[7, 19],10.867576261041904,33.28193914071744,22.414362879675537
[7, 20],19.37324322647237,53.90708883689422,34.53384561042185
[7, 21],27.886255734062615,67.79916774111916,39.91291200705655
[8, 0],-75.55446220153226,-64.59208996190046,10.962372239631804
[8, 1],-66.57692410508662,-77.06757211012427,-10.490648005037656
[8, 2],-56.96888563813445,-71.44007347311162,-14.471187834977172
[8, 3],-47.926981927565066,-59.6096599839575,-11.682678056392433
[8, 4],-40.899255113001345,-48.83980103713202,-7.940545924130674
[8, 5],-33.68234182235483,-38.37234049137078,-4.689998669015949
[8, 6],-26.269492166001328,-27.971564781310008,-1.7020726153086798
[8, 7],-23.41146610521446,-21.24256705717289,2.168899048041567
[8, 8],-21.771381061569627,-19.16183533502499,2.6095457265446385
[8, 9],-21.83125480767012,-19.34844787320253,2.4828069344675896
[8, 10],-27.399197910224757,-22.988854061623897,4.41034384860086
[8, 11],-33.82606120370201,-26.613241245202516,7.2128199584994945
[8, 12],-39.55150507169947,-31.540953683037515,8.010551388661952
[8, 13],-44.99693512842987,-45.271225177092674,-0.27429004866280593
[8, 14],-48.5886682692244,-52.773531236806775,-4.184862967582376
[8, 15],-49.082459064554314,-57.537577294162475,-8.45511822960816
[8, 16],-42.89646855873616,-62.93911194341763,-20.04264338468147
[8, 17],-31.334548697557693,-50.57925252953282,-19.24470383197513
[8, 18],-16.139998103703874,-16.248489920155407,-0.10849181645153294
[8, 19],-2.846370421020765,13.08432014583741,15.930690566858175
[8, 20],6.0894632134240965,35.372547926753214,29.283084713329117
[8, 21],15.192494827760129,47.6938006468863,32.50130581912617
[9, 0],-72.21480397074356,-55.16179657771954,17.053007393024018
[9, 1],-62.635678752166314,-45.04987058681945,17.58580816534686
[9, 2],-56.170183816755525,-40.36141683443566,15.808766982319867
[9, 3],-48.1367374419242,-50.68815359721884,-2.551416155294646
[9, 4],-40.807202984906326,-48.747748909037,-7.940545924130674
[9, 5],-32.48387781164911,-40.42442373577978,-7.940545924130674
[9, 6],-23.776501633457883,-30.225828802010255,-6.449327168552372
[9, 7],-19.407180327435526,-19.441599152293747,-0.03441882485822134
[9, 8],-17.70715145867689,-12.551274877340802,5.155876581336088
[9, 9],-17.454202615588656,-13.455214339591294,3.9989882759973625
[9, 10],-23.5061102337977,-19.68353404481877,3.8225761889789283
[9, 11],-30.460046980473635,-26.099220302092363,4.360826678381272
[9, 12],-36.81003604335001,-40.221582403056345,-3.4115463597063354
[9, 13],-43.99206733979827,-53.106992888074274,-9.114925548276005
[9, 14],-51.66038074540302,-64.70365645552647,-13.043275710123453
[9, 15],-54.82295765071012,-72.99790323999514,-18.174945589285016
[9, 16],-51.87740622350066,-77.24449612524768,-25.367089901747022
[9, 17],-44.60647960533424,-76.14443925384148,-31.53795964850724
[9, 18],-33.289929078311616,-44.46158941696012,-11.171660338648508
[9, 19],-20.680370361793393,-16.009665956568824,4.670704405224569
[9, 20],-8.964950288833279,7.383368432258976,16.348318721092255
[9, 21],0.2747063742572209,18.094304949491743,17.819598575234522
[10, 0],-68.08295224574795,-50.72913795994191,17.35381428580604
[10, 1],-59.64556339839601,-41.83670253665878,17.80886086173723
[10, 2],-53.173470954478944,-37.426924205374235,15.74654674910471
[10, 3],-45.19641155263071,-41.24368364581005,3.9527279068206553
[10, 4],-38.22906147609683,-44.627275123605614,-6.398213647508783
[10, 5],-29.21202675245422,-37.152572676584896,-7.940545924130674
[10, 6],-21.056625830626217,-28.99717175475689,-7.940545924130674
[10, 7],-16.594138223366826,-14.3051044387621,2.289033784604726
[10, 8],-14.09423820081247,-4.896576214012384,9.197661986800085
[10, 9],-14.967732558812713,-8.767334924840725,6.200397633971988
[10, 10],-20.58282888647136,-16.40726388156054,4.175565004910823
[10, 11],-27.53099081282562,-26.523518077154222,1.0074727356713993
[10, 12],-34.07470190600452,-41.797681528577414,-7.722979622572893
[10, 13],-42.99304992592988,-56.3934992756449,-13.400449349715018
[10, 14],-52.89985329498268,-71.56335860730997,-18.66350531232729
[10, 15],-59.686824897490624,-83.10601630262136,-23.419191405130732
[10, 16],-61.110866547770456,-96.31118166657325,-35.20031511880279
[10, 17],-57.131514486486594,-103.14739881894184,-46.015884332455244
[10, 18],-46.80445405107184,-80.36647941780393,-33.56202536673209
[10, 19],-33.430156398441795,-49.058438252976885,-15.62828185453509
[10, 20],-22.687467508147165,-27.84782041595463,-5.160352907807464
[10, 21],-9.191932496978552,-18.895309391823503,-9.70337689484495
[11, 0],-71.7764845938691,-54.167693317830526,17.608791276038573
[11, 1],-58.818064844258515,-40.80971119095102,18.008353653307495
[11, 2],-47.31746710274456,-29.21483003186313,18.10263707088143
[11, 3],-39.11436848266749,-30.529296013602107,8.58507246906538
[11, 4],-33.690493359436914,-36.684176516730076,-2.9936831572931624
[11, 5],-26.616373589719842,-34.55691951385052,-7.940545924130674
[11, 6],-18.09162613709759,-26.182044813776884,-8.090418676679292
[11, 7],-12.793130851427122,-8.90636889853613,3.8867619528909927
[11, 8],-10.506764399247004,0.7926950269747977,11.299459426221802
[11, 9],-11.201126893656692,-2.956514948430595,8.244611945226097
[11, 10],-16.879747721528474,-11.43524649590745,5.444501225621025
[11, 11],-22.39596982560306,-21.064859348182836,1.331110477420225
[11, 12],-28.856101213852526,-36.85135786370938,-7.995256649856856
[11, 13],-38.43031551392323,-52.075624571361004,-13.645309057437771
[11, 14],-47.79380457201751,-65.09482624474185,-17.301021672724346
[11, 15],-57.45795722926323,-84.76555894715148,-27.307601717888247
[11, 16],-66.9674497414344,-113.43379617859227,-46.46634643715788
[11, 17],-63.51842496014615,-125.7631931066353,-62.24476814648915
[11, 18],-54.70341571519384,-103.50944480611088,-48.806029090917036
[11, 19],-43.63733338599468,-79.1801911991106,-35.542857813115916
[11, 20],-33.0722898990216,-59.73739306663265,-26.66510316761105
[11, 21],-18.852432942266205,-39.78347342017332,-20.931040477907118
[12, 0],-90.22835214137922,-72.28374347436238,17.944608667016837
[12, 1],-72.35292334802034,-54.25028627713891,18.10263707088143
[12, 2],-51.99214831453719,-33.88951124365576,18.10263707088143
[12, 3],-33.53534947726348,-18.744074680545054,14.791274796718426
[12, 4],-30.257462940658115,-25.187391981928158,5.070070958729957
[12, 5],-23.85849033086015,-23.25656821719076,0.6019221136693886
[12, 6],-14.99092490923249,-18.04567143130953,-3.054746522077039
[12, 7],-10.111108632106152,-9.553480825523366,0.5576278065827864
[12, 8],-7.734096302830949,-0.3499756276551125,7.384120675175836
[12, 9],-7.231301604227156,2.004459318105546,9.235760922332702
[12, 10],-10.8399142409271,-3.6941926166055055,7.145721624321595
[12, 11],-15.845812071950604,-13.620285194181633,2.2255268777689707
[12, 12],-22.622115242410473,-27.539748316284204,-4.917633073873731
[12, 13],-31.41670170828729,-39.430027111725394,-8.013325403438103
[12, 14],-41.10698793112988,-55.36963833757909,-14.262650406449211
[12, 15],-50.73405310241287,-78.75413757613114,-28.02008447371827
[12, 16],-59.844505211583964,-109.87344990575275,-50.028944694168786
[12, 17],-62.835808396629545,-129.4229516301848,-66.58714323355525
[12, 18],-57.97591206535253,-120.20969843201601,-62.23378636666348
[12, 19],-46.02946554389746,-85.41658637388173,-39.38712082998427
[12, 20],-31.520580224918376,-56.27929855556795,-24.75871833064957
[12, 21],-15.325381931769698,-33.035671292132065,-17.710289360362367
[13, 0],-115.28384890577854,-120.06892575299207,-4.785076847213531
[13, 1],-91.16107366778397,-73.05843659690254,18.10263707088143
[13, 2],-63.89364518962793,-45.791008118746504,18.10263707088143
[13, 3],-39.4743341732692,-24.57426622903131,14.90006794423789
[13, 4],-28.010389338796813,-15.567354201116359,12.443035137680454
[13, 5],-21.158055265094845,-15.364839155930895,5.79321610916395
[13, 6],-13.03474122159787,-12.81250067570818,0.2222405458896901
[13, 7],-9.022598012612434,-10.660174404512873,-1.6375763919004385
[13, 8],-6.050517270896307,-1.797014057557135,4.253503213339172
[13, 9],-3.439589763223921,5.681644859216249,9.12123462244017
[13, 10],-4.228958965702077,3.9082818339038568,8.137240799605934
[13, 11],-7.623015271279655,-3.525735825565789,4.097279445713866
[13, 12],-13.59973730945785,-7.464047639554337,6.135689669903513
[13, 13],-22.107108363171392,-13.75414359410479,8.352964769066602
[13, 14],-30.798267316820784,-31.49559463850983,-0.6973273216890448
[13, 15],-38.54501210469516,-61.04288980808542,-22.49787770339026
[13, 16],-44.213978220732315,-88.91007474897833,-44.69609652824602
[13, 17],-48.50866414231314,-103.52524708887995,-55.016582946566814
[13, 18],-43.89071609112307,-99.14457957581544,-55.253863484692374
[13, 19],-31.742039932991247,-66.27086169915128,-34.528821766160036
[13, 20],-13.547861850046502,-33.923888299069404,-20.376026449022902
[13, 21],7.710640476506342,-5.743492120086557,-13.454132596592899
[14, 0],-137.80820926247725,-197.37054792554318,-59.56233866306593
[14, 1],-102.91861564911142,-144.35149383005864,-41.43287818094723
[14, 2],-76.62075949452628,-60.54903803603793,16.071721458488355
[14, 3],-48.27476510825272,-35.83172997057227,12.443035137680454
[14, 4],-27.258008924020942,-14.814973786340488,12.443035137680454
[14, 5],-21.76293775954764,-15.241944269823762,6.520993489723878
[14, 6],-14.449539550582813,-13.142995765559135,1.3065437850236776
[14, 7],-8.339510489861823,-9.499942377849948,-1.1604318879881248
[14, 8],-4.079355748317539,-3.0211219063312456,1.0582338419862936
[14, 9],-0.5314436339422173,5.55048630805868,6.081929942000897
[14, 10],1.66353317890389,8.671351270619198,7.007818091715308
[14, 11],0.6293208511224293,9.478464994905153,8.849144143782723
[14, 12],-3.3610513116209404,10.787312559895327,14.148363871516267
[14, 13],-9.091692035568485,7.848205244395103,16.93989727996359
[14, 14],-14.12703313827933,-6.282675147467671,7.844357990811659
[14, 15],-19.975958306001303,-33.628649987233075,-13.652691681231772
[14, 16],-24.36322183944958,-59.69407514024624,-35.33085330079666
[14, 17],-24.12934422989747,-66.77715234553125,-42.64780811563378
[14, 18],-19.66961027492289,-59.071118351912446,-39.40150807698956
[14, 19],-7.147647289001725,-30.14078408838577,-22.993136799384047
[14, 20],10.060312243601402,2.019361304107406,-8.040950939493996
[14, 21],28.61621798314809,29.83530533641624,1.2190873532681508
[15, 0],-148.66846754016387,-208.2308062032298,-59.56233866306593
[15, 1],-110.74003779886243,-170.30237646192836,-59.56233866306593
[15, 2],-81.18125098144174,-98.91595176112332,-17.73470077968159
[15, 3],-55.31503334489571,-48.5431676819735,6.77186566292221
[15, 4],-31.503087685258834,-22.053843817867346,9.449243867391488
[15, 5],-23.3758174447521,-15.633697606604073,7.742119838148028
[15, 6],-18.261847276940898,-15.845141178733684,2.4167060982072144
[15, 7],-10.788827207365102,-16.232343885681075,-5.443516678315973
[15, 8],-4.342615717626359,-10.96055596572387,-6.617940248097511
[15, 9],1.0118343668937086,-0.13622778358421783,-1.1480621504779265
[15, 10],5.560117169992736,7.633507663972523,2.0733904939797867
[15, 11],7.306816053958755,16.826137155628203,9.519321101669448
[15, 12],7.628356788723977,23.311049504275616,15.682692715551639
[15, 13],5.101992010474532,24.881330263695418,19.779338253220885
[15, 14],1.6941306949074715,11.453247163168271,9.7591164682608
[15, 15],-1.2710542342301778,-5.463700687031633,-4.192646452801455
[15, 16],-3.7155828824497803,-24.045059268663863,-20.329476386214083
[15, 17],-1.938864610838209,-26.811505070082603,-24.872640459244394
[15, 18],3.310878014833179,-17.5532990812726,-20.864177096105777
[15, 19],14.9913362887537,11.01936897829546,-3.97196731045824
[15, 20],30.423117853451913,42.14090422667141,11.717786373219496
[15, 21],48.66735233346844,72.03315287581427,23.365800542345823
[16, 0],-148.2244856274774,-184.97332978963186,-36.748844162154455
[16, 1],-115.68181518445726,-135.47875736758124,-19.796942183123974
[16, 2],-82.13336179286125,-85.5688907676722,-3.43552897481095
[16, 3],-58.543145932188054,-57.819945772602296,0.7232001595857582
[16, 4],-35.19201107659774,-31.327540079844766,3.8644709967529707
[16, 5],-26.84982956706881,-19.896857957955035,6.952971609113774
[16, 6],-21.21711872936521,-25.41251378252673,-4.195395053161519
[16, 7],-12.809717735349295,-31.157296987526934,-18.34757925217764
[16, 8],-5.37787744983234,-20.051811666231515,-14.673934216399175
[16, 9],0.8032716369443733,-5.828292085067005,-6.631563722011379
[16, 10],6.696532369905981,4.957105323473115,-1.7394270464328656
[16, 11],12.584099813017929,17.462306456041915,4.8782066430239865
[16, 12],14.203734622610682,25.683583114349858,11.479848491739176
[16, 13],15.903349049109238,32.499342497812904,16.595993448703666
[16, 14],14.884101324902076,27.224085132194887,12.33998380729281
[16, 15],14.369179872256609,17.42293744734161,3.053757575085001
[16, 16],13.205716055013909,8.428387393326375,-4.777328661687534
[16, 17],16.258923500934543,10.525604815746192,-5.733318685188351
[16, 18],22.775109977560533,18.391189095984373,-4.3839208815761594
[16, 19],33.56653249167721,47.650337330286675,14.083804838609467
[16, 20],47.78368813716406,77.8733803218638,30.089692184699743
[16, 21],61.783901425073964,100.08502518651676,38.301123761442796
[17, 0],-137.10316668933683,-135.75025208278385,1.3529146065529858
[17, 1],-112.3672653732956,-92.33556555837549,20.031699814920103
[17, 2],-78.87260152737235,-58.3420098624656,20.53059166490675
[17, 3],-54.07551686626266,-53.82188530865733,0.2536315576053312
[17, 4],-34.9488887653597,-36.24148644906836,-1.2925976837086637
[17, 5],-28.77142689714492,-33.8843941649975,-5.112967267852582
[17, 6],-22.592998004224683,-46.16344357875005,-23.570445574525365
[17, 7],-12.984967612383116,-38.933907922712024,-25.948940310328908
[17, 8],-5.116294049088538,-27.07614752452082,-21.959853475432283
[17, 9],0.5354746329248883,-9.836244219016407,-10.371718851941296
[17, 10],7.305460005534769,3.5230393381634713,-3.782420667371298
[17, 11],14.477023720138277,14.390333975552494,-0.08668974458578305
[17, 12],18.84981577857525,24.254310963378884,5.404495184803636
[17, 13],22.664425692581972,32.97351662408255,10.309090931500577
[17, 14],25.04352502796337,38.5236548914927,13.480129863529328
[17, 15],26.883828903741232,36.379088780528946,9.495259876787713
[17, 16],28.56096807619997,36.501360845599265,7.9403927693992955
[17, 17],32.62452006924286,40.48673201988004,7.862211950637175
[17, 18],39.59724394123714,47.27177705593931,7.674533114702172
[17, 19],49.27135505991646,67.67936780852506,18.4080127486086
[17, 20],61.19408040824874,101.8453502761522,40.651269867903466
[17, 21],73.66773260846185,122.46126299334173,48.79353038487989
[18, 0],-129.58264316421992,-94.90133481698467,34.681308347235245
[18, 1],-102.4487216086527,-51.04359364487118,51.405127963781524
[18, 2],-73.54006351172302,-43.735844586305575,29.804218925417445
[18, 3],-47.41156615887121,-39.13979643985931,8.2717697190119
[18, 4],-31.646297668279658,-34.89625643564614,-3.249958767366479
[18, 5],-25.352023991848,-37.614635994024866,-12.262612002176866
[18, 6],-18.696023062686436,-40.00847237265316,-21.312449309966723
[18, 7],-9.90214740846477,-31.05450995519186,-21.15236254672709
[18, 8],-3.4971657464529926,-23.75980034754957,-20.26263460109658
[18, 9],1.3921858784688084,-9.469157204899602,-10.86134308336841
[18, 10],7.515852570691095,3.627783152241136,-3.888069418449959
[18, 11],14.79576568016273,14.937573824962783,0.1418081448000521
[18, 12],22.534109485918634,22.677953524527766,0.14384403860913153
[18, 13],28.53472953137225,31.674419245488025,3.139689714115775
[18, 14],32.30553080117261,40.72511617449891,8.4195853733263
[18, 15],35.71080958293987,49.222495686029106,13.511686103089232
[18, 16],38.493589634340424,54.06481317146245,15.571223537122023
[18, 17],42.941913201379975,57.803420755121806,14.86150755374183
[18, 18],49.84700350070216,62.259469381765484,12.412465881063326
[18, 19],59.5639129891706,76.36206561618383,16.798152627013224
[18, 20],70.57521701882888,105.12574801903975,34.55053100021087
[18, 21],80.75436096355588,126.66134199328917,45.90698102973329
[19, 0],-123.13907225580351,-67.31025264806249,55.828819607741025
[19, 1],-90.83920328418571,-30.185120181777165,60.65408310240855
[19, 2],-62.94408092499816,-23.70998434350713,39.23409658149103
[19, 3],-38.004940085425005,-33.919042958277714,4.085897127147291
[19, 4],-24.391814483357848,-34.96940291292867,-10.577588429570824
[19, 5],-17.015487775317524,-33.90223666334987,-16.886748888032344
[19, 6],-11.834121175025757,-29.926864909512005,-18.09274373448625
[19, 7],-5.808592693960236,-22.160284973034322,-16.351692279074086
[19, 8],-0.37908465104646893,-13.228449001141598,-12.84936435009513
[19, 9],4.2033469729512944,-3.6583628436947038,-7.861709816645998
[19, 10],8.862657501679678,6.565784263752903,-2.296873237926775
[19, 11],16.00789988397537,16.014347513022585,0.006447629047215742
[19, 12],24.3429607859689,23.634942293592758,-0.7080184923761408
[19, 13],32.76444818123946,33.682156441348525,0.917708260109066
[19, 14],38.08467850136367,45.079064536169426,6.994386034805757
[19, 15],41.820913827403274,54.2982552501453,12.477341422742029
[19, 16],45.07780544812158,61.21313982954598,16.1353343814244
[19, 17],48.22559697674842,64.38765503939248,16.162058062644064
[19, 18],55.696688240592266,69.52354593816654,13.826857697574269
[19, 19],65.28056018134521,77.110555623648,11.829995442302788
[19, 20],75.27635094916968,92.61490579596557,17.338554846795887
[19, 21],88.22695170856787,128.01064888368091,39.78369717511305
[20, 0],-116.15319321096013,-97.73035915497348,18.42283405598664
[20, 1],-82.40303393266277,-56.84286715842154,25.560166774241225
[20, 2],-47.20330510082749,-21.90862473924153,25.29468036158596
[20, 3],-31.243516513587565,-44.63782561442258,-13.394309100835017
[20, 4],-18.121578184962345,-32.81296673984707,-14.691388554884725
[20, 5],-8.160482060022332,-20.07183798654023,-11.9113559265179
[20, 6],-3.6255184201554584,-14.51563079708012,-10.890112376924662
[20, 7],0.2096150627003226,-8.613481439650968,-8.82309650235129
[20, 8],4.021566695044385,-3.0236880327747713,-7.045254727819156
[20, 9],7.655181830103174,4.013197869395299,-3.6419839607078757
[20, 10],12.08536265994735,11.033819654359831,-1.0515430055875186
[20, 11],17.587485436501083,17.44870624633859,-0.13877919016249507
[20, 12],25.53264410304928,25.432318449908053,-0.10032565314122621
[20, 13],32.71122019867016,32.699226230104614,-0.01199396856554813
[20, 14],39.46676583128374,43.206446893920656,3.739681062636919
[20, 15],45.19214493083473,54.07854346082968,8.886398529994949
[20, 16],48.696245238317715,63.07166925768797,14.375424019370257
[20, 17],51.855038556050204,66.69996543075922,14.844926874709017
[20, 18],56.30071564584341,69.1335928020817,12.832877156238283
[20, 19],64.38021372122694,74.77632820126018,10.396114480033248
[20, 20],75.06285134437712,84.86620345178198,9.803352107404862
[20, 21],85.9351998361426,nan,nan
[21, 0],-112.59525451185254,-139.47469118027675,-26.879436668424205
[21, 1],-74.42289027676998,-92.28902583441595,-17.866135557645975
[21, 2],-39.712003104586984,-56.2528649814476,-16.540861876860617
[21, 3],-23.057859412901053,-32.968762128929484,-9.910902716028431
[21, 4],-11.248289985814154,-17.10950731459525,-5.861217328781095
[21, 5],-1.2404062927989798,-3.941691202653601,-2.701284909854621
[21, 6],2.9447714149573585,0.41374422935223265,-2.531027185605126
[21, 7],6.060547390186912,3.51164168217565,-2.5489057080112616
[21, 8],8.5365031966885,6.885011066688094,-1.6514921300004062
[21, 9],11.817247624976517,11.226225227504074,-0.5910223974724431
[21, 10],15.97211180024533,16.321573291963432,0.3494614917181025
[21, 11],20.499836631988728,20.848977087646745,0.34914045565801644
[21, 12],25.87387276264417,27.1755605618564,1.3016877992122318
[21, 13],31.463517929394584,32.95533787725617,1.4918199478615861
[21, 14],36.803832267571124,39.15186453274691,2.348032265175789
[21, 15],41.85673986080019,47.92231271818491,6.065572857384723
[21, 16],45.53513379884407,56.13811859043835,10.602984791594281
[21, 17],49.048896144201535,62.48039204475117,13.431495900549635
[21, 18],53.77984072703748,65.59114348616095,11.811302759123464
[21, 19],59.59408510965022,68.31686139565409,8.722776286003864
[21, 20],66.52535518612603,74.88076121581616,8.35540602969013
[21, 21],77.8664172990184,nan,nan
[22, 0],-102.44047494604547,-139.99776616116196,-37.55729121511649
[22, 1],-67.5177104534132,-91.66275683100866,-24.145046377595463
[22, 2],-34.01390011485728,-45.16210457064426,-11.148204455786981
[22, 3],-16.261154979430103,-17.143975017420416,-0.8828200379903137
[22, 4],-5.60176672781472,-3.504335547751907,2.097431180062813
[22, 5],3.405224108765651,7.300849315275627,3.895625206509976
[22, 6],6.840545828005816,11.807479529048578,4.9669337010427626
[22, 7],10.12043367044771,14.790168222501052,4.669734552053342
[22, 8],12.884511253435448,15.537170619443714,2.6526593660082654
[22, 9],15.969819169901712,17.491017702212048,1.5211985323103363
[22, 10],19.308625059850783,21.03609555434923,1.7274704944984478
[22, 11],22.68212294766181,23.471245515438568,0.7891225677767579
[22, 12],25.852824551687263,26.3501873477162,0.49736279602893774
[22, 13],29.511528611436916,30.668076659328108,1.1565480478911923
[22, 14],33.42571344962016,35.186831291439375,1.761117841819214
[22, 15],36.34951872142665,39.364511451580256,3.014992730153608
[22, 16],39.444947175874404,45.91433803635482,6.4693908604804164
[22, 17],42.5922221012479,53.2688401209889,10.676618019741
[22, 18],46.12861067391805,55.2301514077144,9.101540733796355
[22, 19],51.57064875303968,59.92605478272981,8.35540602969013
[22, 20],56.189383746606836,64.54478977629697,8.35540602969013
[22, 21],62.07600376053506,nan,nan
[23, 0],-93.74469281121674,-129.92025059520074,-36.175557783984004
[23, 1],-59.78338787216762,-74.4040668961552,-14.620679023987577
[23, 2],-28.651232160478685,-30.189754823652947,-1.5385226631742626
[23, 3],-11.62853346052816,-6.898304774505959,4.730228686022201
[23, 4],-2.0953590817816803,3.025840289513326,5.121199371295006
[23, 5],5.8781260636815205,12.119842275888914,6.241716212207393
[23, 6],9.222239865380288,16.628329412521452,7.406089547141164
[23, 7],13.189367769826276,20.25304947013592,7.063681700309644
[23, 8],16.065068998121205,20.93793770148386,4.872868703362656
[23, 9],19.136064548877584,22.825195533536316,3.689130984658732
[23, 10],21.773827854924093,24.91126843478014,3.1374405798560474
[23, 11],24.043640461561154,25.77566837624454,1.7320279146833855
[23, 12],26.251965064196156,26.218853939783912,-0.03311112441224395
[23, 13],27.815340593419933,26.13422114800869,-1.681119445411241
[23, 14],30.024482540497957,28.07897688884077,-1.9455056516571858
[23, 15],31.982331138487098,30.83833558758124,-1.1439955509058564
[23, 16],33.865561373054334,33.69864539058017,-0.1669159824741655
[23, 17],35.456449781438096,37.61239356108672,2.1559437796486236
[23, 18],37.09825939789425,42.4783813539143,5.380121956020048
[23, 19],38.090463248943706,nan,nan
[23, 20],38.50636754881998,nan,nan
[23, 21],38.632268486463545,nan,nan
[24, 0],-82.92193965011393,-116.9565909742887,-34.034651324174774
[24, 1],-51.702047312788636,-54.24677735218938,-2.544730039400747
[24, 2],-25.68979444902743,-19.142239289368263,6.547555159659169
[24, 3],-9.480307072459254,-3.141372519356082,6.338934553103172
[24, 4],0.1032795109995277,5.686064952378729,5.582785441379201
[24, 5],7.096723966285026,12.89453385664001,5.7978098903549835
[24, 6],11.179998591726871,17.653091672968912,6.473093081242041
[24, 7],15.789376639468173,23.29115478188396,7.501778142415787
[24, 8],19.042727281541374,25.381144833098006,6.338417551556631
[24, 9],21.451500523309733,26.781463141752283,5.329962618442551
[24, 10],23.36391618403286,27.97833597062163,4.614419786588769
[24, 11],25.008677216113938,27.659583776471663,2.6509065603577255
[24, 12],26.085628867254854,26.377941890941656,0.2923130236868019
[24, 13],26.882523917925937,22.711399665121462,-4.171124252804475
[24, 14],27.41658420693875,21.71869623040766,-5.697887976531092
[24, 15],29.206868570192455,24.148359259645076,-5.058509310547379
[24, 16],30.63047353309048,26.26733626826899,-4.363137264821489
[24, 17],31.756801836760133,28.562683790701158,-3.194118046058975
[24, 18],32.438075713776016,31.84157208029501,-0.5965036334810065
[24, 19],32.569604368135515,25.707469804724496,-6.8621345634110185
[24, 20],33.058716640595776,nan,nan
[24, 21],27.068924961587072,nan,nan
[25, 0],-70.74133390752468,-87.03562139710266,-16.294287489577982
[25, 1],-42.33995278551538,-30.264387339233508,12.075565446281871
[25, 2],-23.224985760611162,-11.420750565275739,11.804235195335423
[25, 3],-6.891365187115298,0.36403740948571794,7.255402596601016
[25, 4],2.471759336199284,7.481149046619066,5.009389710419782
[25, 5],7.561288703521313,11.039165919924017,3.477877216402703
[25, 6],12.15529971660817,15.495462735686488,3.340163019078318
[25, 7],17.10280024378153,21.300667522596086,4.197867278814556
[25, 8],20.507945981654302,26.88301314509772,6.375067163443418
[25, 9],23.116007502683715,29.75372362993312,6.637716127249405
[25, 10],25.014613061734963,30.91879725066883,5.904184188933868
[25, 11],25.4573378275054,28.995228359995053,3.537890532489655
[25, 12],25.943794408189206,27.17204675708581,1.2282523488966035
[25, 13],26.055874514814604,20.309150727487577,-5.746723787327028
[25, 14],27.075994353099304,17.749407644027087,-9.326586709072217
[25, 15],28.215387664958143,19.915739202901023,-8.299648462057121
[25, 16],29.192987252321473,22.509184480319163,-6.683802772002309
[25, 17],30.36736996412401,24.363943494737214,-6.003426469386795
[25, 18],31.23568903566138,23.916510485672916,-7.3191785499884645
[25, 19],31.683347100789433,21.165260544486955,-10.518086556302478
[25, 20],32.29486375484794,19.14444388272568,-13.150419872122256
[25, 21],30.184353601209295,nan,nan
[26, 0],-57.594269766047546,-57.00443774985524,0.5898320161923039
[26, 1],-37.968404071793884,-17.80418544445365,20.164218627340233
[26, 2],-19.544432368194066,-1.4847335366330299,18.059698831561036
[26, 3],-2.890087301884705,7.184126132137862,10.074213434022568
[26, 4],1.83787708136515,7.0158384269179805,5.177961345552831
[26, 5],7.470357290125321,9.753197442624696,2.282840152499375
[26, 6],12.919597219735806,14.016620870796942,1.0970236510611358
[26, 7],17.596547761212605,19.476590466380912,1.8800427051683073
[26, 8],22.03203456468873,26.83502683894676,4.802992274258031
[26, 9],24.794363729782162,32.013759318632765,7.2193955888506025
[26, 10],26.661305866018665,34.71290919693274,8.051603330914077
[26, 11],26.348252235640757,32.59966095166328,6.2514087160225245
[26, 12],25.13865436503329,27.689975326570675,2.5513209615373853
[26, 13],25.837244224044298,20.14620023353291,-5.691043990511389
[26, 14],27.426933933095825,16.40259848851747,-11.024335444578355
[26, 15],28.76054282754467,19.395539832032227,-9.365002995512441
[26, 16],29.958794313803992,23.229022435644765,-6.729771878159227
[26, 17],31.139535682556016,24.534159147685386,-6.605376534870629
[26, 18],32.136594428920034,24.86573500499162,-7.270859423928414
[26, 19],32.72789182921679,23.35249459626357,-9.375397232953219
[26, 20],33.16875284734397,20.222912617428847,-12.94584022991512
[26, 21],31.95480287675582,18.70383694001248,-13.250965936743341
[27, 0],-49.13205237912916,-27.46998225268362,21.662070126445542
[27, 1],-31.840078386277128,-10.151562812976408,21.68851557330072
[27, 2],-15.958443290311152,3.761092872205154,19.719536162516306
[27, 3],-4.4690486842746395,11.362369793414473,15.831418477689112
[27, 4],0.051464686570398044,6.095522352854459,6.044057666284061
[27, 5],5.142486845612439,2.6759163017713945,-2.466570543841044
[27, 6],7.968226287118341,6.19809347071714,-1.7701328164012011
[27, 7],13.11582830210682,15.198429053883956,2.082600751777136
[27, 8],19.057428939405327,24.070645786497153,5.013216847091826
[27, 9],25.21948269412951,32.56520516592445,7.345722471794943
[27, 10],28.191897436237923,37.457526450444675,9.265629014206752
[27, 11],27.245589053713957,36.74854652407976,9.5029574703658
[27, 12],24.77875940248032,30.140185647411272,5.3614262449309535
[27, 13],26.186152483913247,22.734873288916788,-3.4512791949964594
[27, 14],28.31255381495521,16.43610335748599,-11.876450457469218
[27, 15],30.02996715001973,24.149877681784346,-5.880089468235383
[27, 16],31.586762145839202,27.299848776759063,-4.286913369080139
[27, 17],32.86169191450699,27.941943340477337,-4.919748574029654
[27, 18],33.55479863688015,26.8448460298614,-6.709952607018749
[27, 19],34.065125074633215,25.309158582089367,-8.755966492543848
[27, 20],34.01304841623096,21.966263568878276,-12.046784847352683
[27, 21],33.00007063232442,19.97041718863784,-13.029653443686584
